0 10 15 12 14 83 51 140 20 77 43 23 92 32 77 43 120 137
10 0 42 45 21 14 34 15 49 98 67 77 43 48 54 51 59 37
15 42 0 36 53 23 51 104 108 87 23 98 65 91 44 22 11 81
12 45 36 0 82 11 44 31 40 191 97 20 31 66 88 34 43 28
14 21 53 82 0 23 37 51 72 25 31 39 76 52 91 87 66 71
83 14 23 11 23 0 99 100 137 18 29 11 87 81 23 33 76 89
51 34 51 44 37 99 0 99 36 82 73 17 98 21 54 70 92 51
140 15 104 31 51 100 99 0 89 27 99 127 10 90 67 41 33 77
20 49 108 40 72 137 36 89 0 90 39 65 89 71 88 99 81 80
77 98 87 191 25 18 82 27 90 0 55 49 32 77 23 39 22 37
43 67 23 97 31 29 73 99 39 55 0 19 61 82 57 51 76 66
23 77 98 20 39 11 17 127 65 49 19 0 81 55 77 44 71 81
92 43 65 31 76 87 98 10 89 32 61 81 0 36 88 98 82 93
32 48 91 66 52 81 21 90 71 77 82 55 36 0 91 34 44 43
77 54 44 88 91 23 54 67 88 23 57 77 88 91 0 55 32 27
43 51 22 34 87 33 70 41 99 39 51 44 98 34 55 0 99 38
120 59 11 43 66 76 92 33 81 22 76 71 82 44 32 99 0 59
137 37 81 28 71 89 51 77 80 37 66 81 93 43 27 38 59 0