0 10 15 12 14 83 51 140
10 0 42 45 21 14 34 15
15 42 0 36 53 23 51 104
12 45 36 0 82 11 44 31
14 21 53 82 0 23 37 51
83 14 23 11 23 0 99 100
51 34 51 44 37 99 0 99
140 15 104 31 51 100 99 0